,customer,platScalop,Sandwich Baguette XL,Pancake Fruit Secsn,Pizza Chees,Pizza Garden Specieal,Pizza The Hawaiian,Plat Tunisien,SAlade Maison,SAndwich Philly Steak,Sandwich Tuinisien,Sandwich Zinger,Lablebi,sandwich Scalope,Sandwic hAyari
0,1,0,0,0,1,1,0,1,0,1,0,0,0,0,0
1,2,0,1,1,1,0,1,0,0,0,0,0,1,1,1
2,3,0,1,1,0,1,1,1,0,0,1,1,0,1,0
3,4,1,0,0,0,1,0,0,1,1,0,0,0,0,1
4,5,0,1,1,0,1,1,0,1,1,0,0,1,0,0
5,6,1,0,0,1,0,0,0,0,0,0,1,0,0,1
6,7,1,0,0,0,0,1,0,0,1,0,1,1,1,0
7,8,0,0,0,0,0,1,0,1,1,1,0,0,0,1
8,9,1,0,0,0,1,1,1,0,0,0,1,1,0,1
9,10,1,1,1,1,0,0,1,0,1,1,0,1,0,0
10,11,1,0,0,0,1,1,1,1,1,1,0,0,0,1
11,12,0,0,0,0,0,0,0,0,1,0,0,1,0,1
12,13,0,1,1,0,0,1,1,1,1,0,0,1,1,1
13,14,1,0,0,1,0,1,0,0,0,0,1,0,1,0
14,15,1,1,1,1,0,1,1,1,0,1,0,0,0,1
15,16,1,0,0,0,1,1,1,1,1,1,0,1,1,1
16,17,0,0,0,1,1,1,1,0,1,0,1,1,1,1
17,18,1,0,0,0,1,0,1,1,0,1,1,0,1,0
18,19,0,1,1,1,1,1,1,1,1,1,1,1,0,0
19,20,1,1,1,1,1,0,1,0,0,1,0,1,1,1
20,21,1,1,1,1,0,1,1,1,1,1,0,0,0,0
21,22,0,0,0,0,0,1,1,0,1,1,1,0,0,0
22,23,0,0,0,1,0,0,1,0,1,0,1,0,0,1
23,24,0,0,0,0,1,1,0,0,1,1,0,1,0,1
24,25,1,0,0,0,0,1,0,0,0,0,0,1,0,1
25,26,1,0,0,0,1,1,0,0,1,1,1,0,0,0
26,27,1,0,0,1,0,0,0,1,0,0,1,0,0,1
27,28,1,1,1,0,1,0,0,1,0,0,0,0,0,0
28,29,1,1,1,1,1,0,1,1,1,1,0,0,0,0
29,30,1,0,0,0,0,1,1,1,1,0,1,1,1,0
30,31,1,0,0,0,1,0,0,0,1,0,0,0,0,0
31,32,0,0,0,0,0,1,1,0,0,0,0,1,0,1
32,33,1,1,1,0,0,1,1,0,1,0,1,1,0,0
33,34,0,0,0,0,0,1,1,0,0,1,1,0,1,1
34,35,1,1,1,0,1,1,1,0,0,0,0,0,0,0
35,36,0,0,0,0,0,0,1,1,0,1,0,0,0,1
36,37,0,1,1,1,0,1,1,0,0,1,1,1,0,0
37,38,1,1,1,1,0,0,0,1,1,1,0,0,1,1
38,39,0,0,0,0,0,0,1,1,0,0,0,0,1,0
39,40,0,1,1,0,0,1,0,1,0,0,0,0,0,0
40,41,1,1,1,1,1,0,1,0,0,1,0,1,0,1
41,42,0,0,0,0,1,0,1,1,0,1,1,0,1,1
42,43,0,1,1,1,1,1,1,1,1,0,0,0,0,1
43,44,1,1,1,1,1,1,1,1,0,0,0,0,0,0
44,45,1,1,1,0,0,0,0,0,0,1,0,0,0,0
45,46,0,1,1,1,0,0,1,1,0,0,0,0,1,1
46,47,0,0,0,1,1,1,1,0,0,1,0,1,1,0
47,48,0,1,1,0,1,1,1,1,1,1,0,0,1,0
48,49,1,1,1,0,0,0,1,1,1,1,1,1,1,0
49,50,1,0,0,1,0,1,1,1,0,1,1,1,1,1
50,51,1,1,1,1,1,1,1,0,0,1,1,1,1,0
51,52,0,0,0,0,0,1,1,1,0,1,0,1,1,0
52,53,1,1,1,1,0,1,1,0,1,1,0,1,1,1
53,54,1,1,1,0,0,1,1,1,0,1,0,0,1,0
54,55,0,1,1,1,1,1,1,1,1,1,0,0,1,0
55,56,1,0,0,0,0,1,1,1,0,0,1,0,1,1
56,57,1,0,0,1,0,0,0,0,0,1,0,1,0,0
57,58,1,1,1,0,0,0,1,1,1,1,1,1,0,1
58,59,1,1,1,1,0,1,0,1,0,1,0,1,1,1
59,60,1,1,1,1,0,0,0,0,1,1,0,0,1,1
60,61,1,0,0,1,1,1,1,1,0,1,0,1,0,0
61,62,0,0,0,0,0,1,1,1,1,1,0,0,1,0
62,63,0,0,0,0,1,1,1,0,0,1,1,0,0,0
63,64,0,1,1,1,1,1,1,0,1,1,1,0,0,1
64,65,0,1,1,0,1,1,0,1,0,0,0,0,0,1
65,66,1,0,0,1,1,1,0,0,0,1,0,1,1,0
66,67,0,0,0,0,0,1,0,0,1,1,1,0,0,0
67,68,0,0,0,1,1,0,0,0,0,0,1,1,0,1
68,69,0,1,1,1,1,0,1,1,1,1,1,1,1,0
69,70,0,0,0,1,1,1,1,0,1,1,1,0,0,1
70,71,0,1,1,1,0,0,1,0,1,0,0,1,0,0
71,72,0,1,1,0,0,0,0,0,1,0,1,0,0,1
72,73,0,1,1,1,0,0,1,0,1,0,1,1,1,1
73,74,1,0,0,1,1,0,0,0,1,1,0,0,0,1
74,75,0,0,0,1,0,1,0,0,0,1,1,0,0,1
75,76,0,0,0,0,0,1,1,1,0,1,0,1,1,1
76,77,0,1,1,0,0,0,0,0,1,0,0,0,1,0
77,78,0,1,1,1,0,0,0,0,1,0,0,0,0,0
78,79,0,1,1,1,1,1,1,1,1,0,0,0,1,1
79,80,1,0,0,0,0,0,0,1,1,1,1,0,0,1
80,81,1,0,0,1,1,1,1,0,1,1,0,0,1,1
81,82,0,1,1,0,1,0,1,1,0,0,0,1,0,1
82,83,0,1,1,1,0,0,0,1,1,0,1,0,0,1
83,84,1,0,0,0,0,0,0,1,0,1,0,0,1,1
84,85,1,0,0,1,1,1,0,1,1,0,1,0,1,0
85,86,1,0,0,1,1,0,0,1,1,0,1,1,0,1
86,87,0,0,0,1,0,1,1,0,0,0,0,0,0,0
87,88,0,1,1,1,1,0,0,1,1,0,0,0,1,0
88,89,0,1,1,0,1,1,1,1,0,1,0,1,1,1
89,90,1,1,1,0,1,1,0,1,0,1,1,0,1,0
90,91,1,1,1,0,1,1,1,1,1,1,0,1,0,0
91,92,0,1,1,0,0,1,1,1,1,0,1,0,1,1
92,93,1,1,1,1,0,0,0,1,1,0,1,0,1,1
93,94,1,0,0,0,0,1,1,1,1,0,0,0,0,0
94,95,1,1,1,0,0,0,0,0,1,1,0,0,0,0
95,96,1,1,1,1,0,1,1,1,0,1,1,0,0,0
96,97,0,1,1,1,0,1,0,0,1,1,1,0,0,1
97,98,0,1,1,0,1,1,1,0,1,1,1,1,0,0
98,99,1,0,0,1,1,0,1,0,0,1,0,0,1,0
99,100,0,1,1,1,0,1,1,1,0,1,0,0,0,0
100,101,0,0,0,1,1,1,1,0,1,1,1,0,0,0
101,102,0,0,0,1,1,0,0,1,1,0,1,0,0,0
102,103,1,0,0,1,0,0,1,0,0,0,0,0,1,0
103,104,1,0,0,1,1,0,1,0,1,0,0,1,0,1
104,105,0,0,0,1,1,1,1,1,1,1,1,0,0,1
105,106,1,0,0,1,1,1,0,1,0,0,1,0,0,0
106,107,0,0,0,0,1,0,1,1,0,0,1,1,0,0
107,108,0,1,1,0,1,0,1,0,1,0,0,1,1,1
108,109,0,1,1,1,1,1,1,1,0,0,0,0,1,0
109,110,0,1,1,1,1,1,0,0,0,0,1,1,0,1
110,111,0,1,1,1,1,1,1,1,1,0,1,0,1,0
111,112,0,0,0,1,0,1,0,0,1,0,0,1,1,1
112,113,1,0,0,1,1,0,0,0,1,1,1,0,1,0
113,114,0,1,1,1,1,1,0,1,0,1,1,1,1,0
114,115,1,0,0,0,0,0,0,0,0,1,1,1,1,0
115,116,0,1,1,0,1,1,0,1,0,1,1,1,1,0
116,117,0,0,0,0,0,1,1,1,1,0,0,0,1,0
117,118,0,1,1,0,0,1,1,0,1,1,1,1,1,1
118,119,0,1,1,0,1,0,0,0,0,0,1,0,1,1
119,120,0,0,0,0,1,1,0,0,1,1,0,0,0,0
120,121,1,1,1,0,0,1,1,0,1,1,0,0,1,1
121,122,1,1,1,1,0,0,0,1,0,0,0,0,1,1
122,123,1,0,0,0,1,1,1,1,0,1,1,1,1,0
123,124,1,0,0,0,1,1,1,0,1,1,0,1,0,0
124,125,0,1,1,0,1,0,0,1,0,0,1,1,1,0
125,126,1,1,1,0,1,1,1,1,0,0,0,0,0,1
126,127,1,1,1,0,0,0,1,1,1,0,1,0,0,0
127,128,1,1,1,0,1,0,0,1,0,0,1,1,1,0
128,129,1,1,1,0,0,0,1,0,0,1,0,1,1,0
129,130,1,1,1,1,1,1,0,1,0,1,1,1,0,0
130,131,1,1,1,1,1,1,1,1,1,1,0,1,1,1
131,132,1,1,1,0,1,1,1,1,1,1,0,1,0,0
132,133,0,1,1,0,0,0,1,0,0,0,0,1,0,0
133,134,1,0,0,0,0,0,1,1,0,0,0,1,0,1
134,135,1,0,0,1,0,0,0,0,0,1,0,1,1,1
135,136,1,0,0,0,1,1,1,1,1,0,0,0,1,1
136,137,0,1,1,0,0,1,0,1,1,1,1,0,0,1
137,138,1,1,1,0,0,1,1,0,0,0,0,0,0,0
138,139,0,0,0,0,0,1,0,1,1,1,0,1,0,0
139,140,1,1,1,0,1,1,1,0,1,1,1,0,1,0
140,141,1,0,0,1,1,0,1,0,1,1,1,1,0,0
141,142,0,1,1,1,1,1,0,1,0,0,0,0,0,1
142,143,1,1,1,0,1,1,0,0,1,1,1,0,1,1
143,144,0,0,0,0,0,1,0,1,1,0,0,0,1,1
144,145,1,0,0,0,1,1,1,0,1,1,1,0,0,1
145,146,1,0,0,1,1,1,1,0,0,0,1,1,0,1
146,147,0,0,0,0,1,0,1,0,0,1,1,0,1,1
147,148,1,1,1,1,0,1,1,0,1,1,1,0,0,0
148,149,1,1,1,0,1,1,0,0,0,0,0,1,0,1
149,150,0,0,0,0,0,0,1,1,0,0,0,1,1,0
150,151,1,0,0,1,1,1,0,1,1,0,0,0,1,1
151,152,0,0,0,1,0,1,0,0,1,0,1,1,0,1
152,153,1,0,0,0,0,1,0,0,0,0,0,0,1,0
153,154,0,0,0,0,1,0,1,1,1,1,0,1,1,0
154,155,1,0,0,0,1,1,1,1,1,1,0,1,1,1
155,156,1,1,1,0,0,0,0,0,1,1,0,0,0,0
156,157,0,0,0,0,0,0,1,0,0,0,0,0,1,1
157,158,0,1,1,1,1,0,1,0,1,0,1,0,0,1
158,159,1,0,0,1,1,1,0,1,1,1,0,1,1,1
159,160,1,0,0,1,1,1,0,0,0,0,0,0,0,0
160,161,1,0,0,1,1,0,1,1,1,1,1,1,0,1
161,162,0,1,1,0,0,1,1,0,0,0,0,1,0,1
162,163,0,1,1,1,0,1,0,1,0,0,1,0,1,0
163,164,0,1,1,1,0,1,1,1,1,1,0,0,0,1
164,165,1,0,0,0,1,1,0,0,1,1,0,0,0,0
165,166,1,1,1,1,0,0,0,0,1,1,0,0,0,1
166,167,1,0,0,0,0,1,0,1,0,1,1,0,1,1
167,168,1,0,0,0,0,0,1,1,1,0,0,1,1,1
168,169,1,0,0,1,0,0,0,0,1,1,1,0,1,0
169,170,0,0,0,0,1,1,0,1,1,0,0,1,1,1
170,171,1,0,0,0,1,1,1,1,1,1,0,0,0,0
171,172,0,0,0,0,1,1,1,0,0,1,0,0,0,1
172,173,0,0,0,1,1,0,0,1,0,1,1,0,1,1
173,174,0,0,0,0,1,1,0,0,0,0,0,1,0,0
174,175,0,0,0,0,1,1,0,0,1,0,0,0,0,1
175,176,1,1,1,1,1,1,0,0,0,1,1,1,0,0
176,177,0,0,0,0,0,1,1,0,0,1,1,0,0,0
177,178,1,0,0,0,1,1,1,0,1,1,0,1,1,0
178,179,0,1,1,0,0,0,0,1,1,0,1,0,0,1
179,180,1,0,0,1,0,0,1,1,0,0,0,0,1,0
180,181,0,0,0,1,0,0,0,1,0,0,0,1,0,1
181,182,0,1,1,1,1,0,1,0,0,1,0,0,1,1
182,183,0,1,1,0,1,0,0,0,0,0,1,1,0,1
183,184,0,1,1,0,0,1,0,1,1,0,1,0,0,1
184,185,1,1,1,0,1,1,0,1,1,1,1,0,1,1
185,186,0,1,1,1,1,0,1,1,0,1,1,0,0,0
186,187,1,1,1,1,1,1,0,1,0,0,0,0,1,0
187,188,1,0,0,1,0,1,0,0,1,0,0,1,0,0
188,189,0,0,0,0,1,1,1,0,0,1,0,1,0,1
189,190,1,1,1,1,0,1,1,1,0,0,1,0,1,1
190,191,1,1,1,0,0,1,0,0,1,1,0,0,1,1
191,192,0,0,0,1,1,1,0,1,0,1,0,0,0,1
192,193,0,1,1,0,0,0,0,0,0,1,1,1,0,0
193,194,0,0,0,0,0,1,0,1,0,0,0,0,0,0
194,195,0,0,0,1,0,0,0,0,1,0,0,0,0,0
195,196,1,0,0,0,1,0,0,1,0,0,0,1,1,1
196,197,1,0,0,1,1,0,0,1,1,0,0,1,1,0
197,198,0,0,0,0,1,0,1,1,0,1,1,0,1,1
198,199,1,1,1,1,1,0,0,0,1,1,0,1,1,0
199,200,0,1,1,0,0,1,1,0,0,0,0,0,1,1
200,201,0,0,0,0,0,1,1,0,1,1,0,0,0,0
201,202,0,1,1,0,1,0,0,1,1,0,1,1,1,0
202,203,1,1,1,0,0,0,0,1,1,1,1,0,1,1
203,204,1,1,1,0,1,0,0,0,1,1,0,1,1,1
204,205,0,0,0,1,1,1,1,1,1,0,0,0,1,0
205,206,1,0,0,1,1,0,0,1,0,0,0,0,1,0
206,207,1,1,1,0,1,0,0,0,1,0,1,1,1,0
207,208,1,0,0,0,0,1,1,1,1,0,0,1,1,0
208,209,1,0,0,0,0,0,1,1,0,0,1,1,1,0
209,210,1,1,1,0,1,0,0,1,1,1,1,0,0,0
210,211,1,1,1,0,1,1,1,1,1,0,1,1,1,1
211,212,0,0,0,0,1,0,0,0,1,1,0,1,0,0
212,213,0,0,0,1,0,0,1,1,0,0,1,0,1,0
213,214,0,0,0,1,1,0,0,0,1,1,0,1,1,1
214,215,0,0,0,0,0,0,1,0,1,1,1,1,1,1
215,216,0,0,0,0,1,1,1,1,1,1,0,1,0,1
216,217,0,0,0,1,0,1,1,0,1,1,1,1,0,0
217,218,1,0,0,0,0,0,1,1,1,0,1,1,1,0
218,219,0,1,1,1,0,1,1,1,1,0,0,1,1,1
219,220,0,1,1,0,1,1,0,1,0,0,1,0,0,0
220,221,0,1,1,0,0,1,1,1,0,0,0,1,0,0
221,222,1,1,1,1,1,1,0,0,1,1,1,0,0,1
222,223,0,1,1,0,0,1,0,0,1,0,1,1,1,1
223,224,0,0,0,1,0,0,0,1,0,0,0,1,1,0
224,225,1,0,0,1,0,0,0,1,0,1,0,1,1,1
225,226,1,1,1,1,0,0,1,0,0,1,1,0,1,1
226,227,1,1,1,0,0,0,1,1,1,1,0,0,1,1
227,228,0,1,1,1,1,0,1,1,0,0,1,1,0,0
228,229,0,0,0,1,0,1,1,0,1,1,0,1,1,1
229,230,1,1,1,1,1,0,1,1,1,1,1,0,0,1
230,231,0,0,0,1,1,0,0,1,0,0,1,1,0,1
231,232,1,1,1,1,0,0,1,1,0,1,0,0,1,0
232,233,0,1,1,0,1,0,1,0,1,0,0,1,0,0
233,234,0,0,0,1,1,1,0,1,0,1,1,0,0,0
234,235,1,1,1,1,1,1,1,0,1,1,0,1,1,1
235,236,0,1,1,1,1,1,1,0,0,0,0,0,1,0
236,237,1,0,0,0,0,1,1,0,1,0,0,0,1,1
237,238,1,0,0,0,1,1,1,0,0,1,1,1,0,0
238,239,0,0,0,0,1,0,1,0,1,1,1,1,0,0
239,240,1,1,1,0,1,1,0,0,0,1,1,0,0,1
240,241,1,0,0,1,1,0,0,0,0,1,1,1,0,0
241,242,1,1,1,1,0,1,1,0,0,1,0,0,0,0
242,243,0,1,1,0,1,0,1,0,1,1,0,1,0,1
243,244,0,0,0,0,0,0,0,0,1,0,1,0,0,0
244,245,0,0,0,1,1,0,0,0,0,1,0,1,1,0
245,246,0,0,0,1,0,0,0,0,0,1,1,0,1,0
246,247,1,0,0,1,0,1,0,0,0,0,1,0,0,1
247,248,1,0,0,1,0,1,0,0,0,1,0,1,1,1
248,249,1,1,1,1,1,0,1,0,1,1,0,1,0,0
249,250,1,1,1,1,1,1,1,1,0,1,1,0,1,1
250,251,1,1,1,0,1,1,0,1,0,0,1,0,0,1
251,252,1,0,0,1,1,1,0,0,0,1,1,1,0,1
252,253,1,0,0,0,1,1,0,1,0,1,0,1,0,0
253,254,0,1,1,0,0,1,1,1,1,1,1,1,1,0
254,255,0,0,0,0,1,0,1,0,1,1,1,1,1,0
255,256,1,0,0,0,1,0,1,1,1,1,1,0,1,0
256,257,1,1,1,0,0,0,1,0,0,1,1,0,1,0
257,258,0,1,1,0,0,0,1,0,0,0,0,1,1,0
258,259,0,0,0,0,0,1,0,0,1,0,0,1,1,0
259,260,1,0,0,0,1,0,0,1,1,0,0,0,1,1
260,261,0,1,1,1,0,0,0,0,1,1,0,1,1,0
261,262,0,1,1,1,0,0,0,0,0,1,0,1,1,1
262,263,0,1,1,1,1,1,0,0,0,1,1,0,0,0
263,264,0,0,0,1,1,0,0,0,1,0,1,0,0,0
264,265,1,0,0,0,0,0,1,1,0,0,1,0,0,0
265,266,1,0,0,0,1,1,0,0,0,1,0,1,1,0
266,267,0,1,1,1,1,0,0,0,1,1,1,0,0,0
267,268,0,0,0,0,0,1,0,1,0,0,0,0,1,0
268,269,0,1,1,1,1,0,0,0,0,1,0,1,0,0
269,270,1,1,1,1,0,1,1,1,1,1,1,0,1,0
270,271,0,1,1,0,0,1,0,0,0,0,0,1,0,0
271,272,0,0,0,0,1,1,0,0,1,0,1,1,1,0
272,273,0,1,1,0,1,0,0,0,1,0,0,1,0,0
273,274,0,1,1,0,0,1,1,0,0,0,0,1,0,0
274,275,0,1,1,0,0,1,0,1,1,0,1,1,0,0
275,276,1,0,0,0,0,0,0,1,1,0,0,0,0,0
276,277,1,1,1,0,1,0,0,0,1,1,0,1,0,0
277,278,1,1,1,1,0,1,1,0,1,0,1,1,1,0
278,279,1,1,1,1,0,1,1,0,0,1,0,1,1,1
279,280,0,1,1,0,0,0,1,0,0,1,0,1,1,1
280,281,1,0,0,1,1,1,1,0,1,0,1,1,1,1
281,282,0,1,1,0,1,1,1,1,0,0,0,1,0,1
282,283,0,0,0,1,0,0,0,0,0,1,0,0,1,1
283,284,0,0,0,0,0,1,0,1,0,1,1,1,0,0
284,285,0,1,1,1,0,0,0,1,0,1,1,1,0,1
285,286,1,1,1,1,1,1,1,1,1,1,0,0,1,1
286,287,0,1,1,0,0,1,1,1,1,0,1,1,1,0
287,288,1,0,0,0,0,0,0,1,1,1,0,1,0,1
288,289,0,1,1,1,0,0,0,1,1,0,0,0,1,1
289,290,0,1,1,1,0,1,0,0,0,0,1,1,0,1
290,291,0,0,0,1,0,0,1,1,1,0,0,1,1,1
291,292,1,1,1,0,0,0,0,0,0,1,1,1,0,0
292,293,1,0,0,0,1,0,0,0,1,1,1,0,1,1
293,294,1,0,0,0,1,1,1,1,0,0,0,0,0,1
294,295,0,0,0,1,1,1,0,1,0,0,0,0,0,0
295,296,1,1,1,1,0,1,0,0,1,1,0,0,0,1
296,297,1,1,1,1,1,0,1,0,0,1,1,0,1,0
297,298,1,0,0,0,0,0,0,0,1,0,1,0,1,1
298,299,1,1,1,1,1,1,0,0,1,1,1,0,1,0
299,300,0,1,1,1,0,1,0,1,0,1,1,1,1,0
300,301,0,0,0,0,0,1,1,1,0,1,1,1,1,0
301,302,1,0,0,1,0,1,1,1,0,1,1,1,0,1
302,303,0,0,0,1,1,0,0,0,1,0,1,0,1,1
303,304,1,0,0,0,0,0,0,0,1,0,1,0,0,0
304,305,0,1,1,0,0,0,1,1,1,0,0,0,1,0
305,306,0,1,1,0,1,0,0,1,0,0,1,0,1,0
306,307,1,1,1,0,0,1,1,1,0,1,0,1,0,1
307,308,1,1,1,1,1,1,1,0,1,0,1,0,1,1
308,309,1,0,0,0,1,0,1,0,1,1,0,1,1,0
309,310,1,1,1,0,1,1,0,0,0,0,1,0,1,0
310,311,0,0,0,1,1,0,0,0,1,1,0,1,1,1
311,312,1,0,0,0,0,0,1,0,0,1,0,1,0,0
312,313,0,1,1,1,1,1,1,0,0,1,1,0,0,0
313,314,1,0,0,0,1,0,1,0,0,0,0,1,0,0
314,315,0,0,0,1,1,1,1,1,0,0,0,1,1,0
315,316,0,0,0,1,0,1,1,1,0,1,1,0,0,0
316,317,1,1,1,0,0,0,1,0,1,0,0,1,1,1
317,318,0,0,0,0,1,0,0,1,1,1,1,0,0,1
318,319,1,0,0,1,0,1,0,0,1,0,0,1,0,0
319,320,1,1,1,0,1,0,0,0,0,0,0,1,0,0
320,321,1,1,1,1,0,1,0,1,1,0,1,1,0,0
321,322,0,0,0,1,0,1,1,0,1,0,1,0,1,0
322,323,1,0,0,0,0,0,0,1,0,0,1,0,1,1
323,324,0,1,1,0,0,1,1,1,1,1,1,0,1,0
324,325,1,0,0,0,1,1,0,0,1,0,1,1,0,0
325,326,0,1,1,1,0,0,1,1,1,1,1,1,0,0
326,327,0,0,0,0,1,0,1,0,0,1,0,0,0,0
327,328,0,1,1,1,0,1,1,1,1,0,1,1,1,1
328,329,1,0,0,0,1,0,1,1,0,0,1,1,0,1
329,330,1,1,1,1,1,0,0,0,0,1,0,0,1,0
330,331,0,0,0,1,1,0,1,0,1,1,1,1,0,1
331,332,0,1,1,0,0,0,1,0,1,1,0,1,1,0
332,333,0,0,0,1,1,0,1,1,1,0,1,1,0,0
333,334,0,1,1,1,1,1,1,1,0,1,1,1,0,0
334,335,1,0,0,1,1,0,0,1,0,1,0,1,1,1
335,336,0,1,1,1,1,1,0,0,1,0,0,1,1,0
336,337,1,1,1,1,1,0,1,1,1,1,1,1,0,0
337,338,1,0,0,0,0,1,0,1,1,1,0,0,1,1
338,339,1,1,1,1,1,1,1,1,0,0,0,1,1,1
339,340,1,0,0,0,0,0,1,0,1,1,1,0,1,1
340,341,0,0,0,1,0,1,0,1,0,0,1,0,1,1
341,342,0,0,0,1,0,0,1,1,1,0,1,0,0,1
342,343,0,1,1,0,0,1,1,1,1,0,0,0,1,0
343,344,1,0,0,1,0,0,0,0,1,1,0,0,1,1
344,345,1,1,1,0,1,1,1,1,1,1,0,1,1,1
345,346,1,1,1,1,1,0,0,0,1,0,0,1,1,0
346,347,1,0,0,0,1,1,1,0,0,0,0,1,1,1
347,348,0,0,0,0,1,1,1,0,0,0,1,1,1,0
348,349,0,1,1,0,1,1,1,0,0,0,1,0,0,1
349,350,0,0,0,0,1,0,1,1,0,0,1,1,0,0
350,351,1,1,1,0,0,0,0,0,1,0,1,0,1,0
351,352,1,1,1,0,1,0,1,0,1,0,0,1,0,1
352,353,0,0,0,1,1,0,0,1,1,0,1,1,1,0
353,354,0,0,0,1,1,1,1,1,1,0,1,0,0,1
354,355,1,1,1,1,0,1,0,1,0,0,1,0,0,0
355,356,0,1,1,0,0,0,1,0,0,1,1,0,0,1
356,357,0,0,0,0,1,0,0,0,1,0,1,1,1,0
357,358,0,0,0,1,0,0,0,0,0,1,1,0,0,0
358,359,0,1,1,0,0,1,0,0,0,1,0,1,1,0
359,360,1,0,0,1,1,1,0,1,1,1,0,1,0,0
360,361,1,1,1,1,0,0,1,0,1,0,0,0,1,0
361,362,0,1,1,0,0,0,1,1,0,1,1,0,0,1
362,363,0,0,0,0,1,0,0,0,0,1,1,0,0,1
363,364,0,0,0,1,0,0,1,1,0,0,1,1,0,0
364,365,1,0,0,0,0,1,1,0,1,1,1,0,1,0
365,366,0,1,1,0,0,1,1,0,0,0,1,1,0,1
366,367,0,0,0,1,1,0,1,0,0,1,1,1,1,0
367,368,0,1,1,0,0,1,1,1,1,1,1,0,1,0
368,369,1,0,0,0,0,1,0,0,0,1,0,0,1,1
369,370,1,1,1,0,1,0,0,1,0,0,0,0,1,1
370,371,0,1,1,0,0,0,0,0,1,0,0,0,0,0
371,372,0,1,1,0,1,1,0,1,1,1,1,0,0,0
372,373,1,0,0,1,1,1,0,1,1,0,0,1,0,0
373,374,0,0,0,0,0,0,1,1,0,1,0,1,1,1
374,375,0,0,0,1,0,1,1,0,1,1,1,0,0,0
375,376,1,0,0,0,0,1,0,1,0,0,0,0,0,0
376,377,1,0,0,1,1,1,1,1,1,0,1,1,1,0
377,378,1,1,1,0,1,1,0,1,1,0,0,0,0,1
378,379,0,0,0,0,0,0,1,0,0,0,1,1,1,0
379,380,1,0,0,1,1,1,1,1,1,1,0,1,0,0
380,381,1,0,0,1,0,1,1,0,1,0,1,1,0,0
381,382,1,1,1,0,1,0,1,0,0,0,1,1,1,0
382,383,0,0,0,1,1,1,1,0,0,0,1,1,1,1
383,384,1,0,0,0,0,0,0,1,0,1,0,0,1,1
384,385,1,1,1,1,1,0,0,0,0,1,0,0,1,0
385,386,0,0,0,0,0,1,1,1,0,0,0,1,1,1
386,387,0,1,1,1,0,0,0,1,0,0,1,0,1,0
387,388,0,0,0,0,1,0,1,0,0,1,0,1,1,0
388,389,1,1,1,1,1,1,1,0,0,0,1,1,1,0
389,390,1,1,1,1,0,0,1,1,0,1,1,1,1,1
390,391,1,1,1,0,1,0,0,0,0,1,1,1,1,0
391,392,1,0,0,0,0,1,0,1,1,1,0,0,0,0
392,393,1,0,0,1,1,0,1,1,0,0,0,0,0,0
393,394,1,0,0,0,0,1,0,0,1,1,1,1,1,1
394,395,1,1,1,0,0,1,0,0,0,1,1,1,1,1
395,396,0,0,0,1,0,1,1,1,1,1,0,1,1,1
396,397,0,0,0,0,1,0,1,1,0,0,1,0,1,1
397,398,1,0,0,0,0,0,0,0,0,0,1,0,1,1
398,399,1,1,1,0,0,1,0,0,1,0,1,1,0,1
399,400,1,1,1,1,0,1,0,1,1,1,0,0,0,1
400,401,0,0,0,1,1,1,1,1,0,1,1,1,1,1
401,402,0,0,0,0,0,1,0,1,1,1,1,0,1,0
402,403,0,1,1,0,1,1,1,0,1,1,0,0,1,0
403,404,0,1,1,0,1,0,0,1,1,1,0,0,1,0
404,405,0,1,1,1,1,1,1,1,0,1,0,0,1,0
405,406,1,0,0,1,1,0,1,1,0,0,0,0,1,1
406,407,0,1,1,1,1,0,0,0,0,0,0,1,1,1
407,408,0,0,0,1,1,0,0,1,0,0,0,0,1,0
408,409,1,1,1,1,0,0,1,0,1,0,1,0,1,1
409,410,1,1,1,0,0,0,0,0,1,0,0,0,0,1
410,411,0,1,1,1,1,0,0,1,1,1,0,1,1,0
411,412,0,0,0,1,1,1,0,0,1,1,1,0,1,0
412,413,0,0,0,1,1,0,0,0,1,1,1,0,0,0
413,414,1,0,0,1,1,1,1,1,0,1,0,0,0,1
414,415,1,1,1,0,0,0,1,0,0,1,0,0,1,0
415,416,1,1,1,0,0,1,1,0,1,1,0,0,1,0
416,417,0,0,0,1,0,1,0,1,0,1,1,0,0,0
417,418,0,1,1,1,0,1,1,1,0,1,0,1,1,0
418,419,0,0,0,0,0,0,1,1,1,1,1,0,1,1
419,420,0,0,0,1,1,0,1,0,1,0,1,1,1,1
420,421,1,0,0,0,1,1,1,1,1,0,1,1,0,1
421,422,0,0,0,1,0,1,0,0,0,0,1,0,1,1
422,423,0,1,1,1,0,1,1,0,0,1,1,0,1,0
423,424,0,1,1,1,0,1,1,1,0,0,1,0,0,0
424,425,0,1,1,0,0,1,1,0,1,1,1,1,0,1
425,426,1,0,0,0,1,1,1,1,1,0,0,0,1,0
426,427,0,0,0,1,0,0,0,1,1,1,1,0,1,1
427,428,1,0,0,0,1,0,0,0,1,0,1,0,0,0
428,429,1,0,0,0,0,0,0,0,1,0,0,1,0,1
429,430,0,0,0,0,1,0,0,0,0,0,1,0,1,1
430,431,1,1,1,1,0,1,1,0,0,1,1,0,0,1
431,432,0,0,0,1,1,1,0,1,0,1,1,1,0,1
432,433,0,0,0,0,1,1,0,1,1,0,1,0,0,1
433,434,1,0,0,1,0,1,1,0,1,0,0,1,0,0
434,435,0,0,0,0,0,0,1,0,1,0,0,0,1,1
435,436,1,1,1,1,0,0,1,1,0,1,1,0,0,1
436,437,0,0,0,1,1,1,0,1,1,0,1,1,1,0
437,438,0,0,0,1,1,1,0,1,1,0,0,1,0,1
438,439,1,1,1,1,0,1,1,0,1,0,0,1,1,1
439,440,0,1,1,1,1,0,0,0,0,1,1,1,0,0
440,441,0,0,0,1,0,1,1,1,1,1,1,0,0,0
441,442,1,0,0,0,1,1,0,1,0,1,1,1,1,1
442,443,1,0,0,0,1,1,0,0,0,0,1,1,1,0
443,444,0,1,1,1,1,1,0,0,1,0,1,0,1,1
444,445,0,1,1,0,0,1,0,0,1,0,1,0,0,0
445,446,1,0,0,1,1,1,0,1,0,1,1,1,0,1
446,447,1,0,0,1,1,0,1,0,0,0,1,0,1,0
447,448,0,1,1,1,0,0,0,0,1,0,1,0,1,0
448,449,1,1,1,1,1,1,0,0,0,1,1,0,0,0
449,450,1,0,0,1,0,0,0,1,1,1,1,0,1,0
450,451,0,1,1,0,0,1,0,0,0,0,0,0,0,0
451,452,0,0,0,0,0,0,0,1,0,0,0,1,1,0
452,453,1,0,0,0,1,0,0,0,0,1,1,1,0,0
453,454,0,0,0,1,1,1,0,0,0,0,0,0,0,1
454,455,1,1,1,1,0,1,1,0,0,1,1,1,1,0
455,456,1,1,1,1,1,1,0,1,1,1,0,0,0,1
456,457,0,0,0,1,0,1,0,0,0,1,1,0,1,1
457,458,1,0,0,1,0,0,0,1,0,0,0,1,0,0
458,459,0,1,1,0,0,1,0,1,1,1,1,0,0,0
459,460,0,1,1,0,1,0,0,0,0,1,1,1,0,0
460,461,0,0,0,0,0,1,0,1,1,0,1,1,0,0
461,462,1,0,0,1,1,1,0,1,1,0,0,1,0,1
462,463,1,1,1,1,1,1,1,1,0,0,0,1,1,1
463,464,1,1,1,0,1,1,0,0,0,0,0,0,1,1
464,465,1,0,0,1,0,1,0,0,1,1,1,1,1,1
465,466,1,1,1,0,0,0,1,1,1,1,1,0,0,0
466,467,0,0,0,0,1,0,1,0,0,1,1,0,0,1
467,468,1,0,0,1,0,1,0,1,1,1,0,1,0,1
468,469,1,0,0,0,0,0,0,1,0,1,0,1,0,0
469,470,0,0,0,0,1,1,0,1,1,0,1,0,1,0
470,471,1,1,1,1,0,0,1,0,1,0,1,1,0,0
471,472,0,1,1,0,1,1,1,1,0,1,0,1,1,0
472,473,1,1,1,1,0,0,1,0,0,1,1,1,1,1
473,474,0,1,1,1,0,1,1,1,0,1,1,0,0,1
474,475,0,0,0,1,0,0,0,1,1,1,0,0,1,0
475,476,1,1,1,1,1,1,1,1,1,1,0,0,1,1
476,477,0,0,0,0,1,1,0,1,0,0,0,0,0,0
477,478,1,0,0,0,0,0,1,1,1,1,0,0,1,1
478,479,0,0,0,1,0,1,1,0,0,1,1,0,0,0
479,480,0,1,1,1,0,0,1,1,0,1,1,0,1,1
480,481,0,0,0,1,0,1,1,1,0,1,0,0,1,1
481,482,1,1,1,0,0,1,0,1,1,1,1,0,0,0
482,483,0,1,1,0,0,0,1,0,0,0,1,1,1,0
483,484,0,1,1,1,1,0,1,0,0,1,0,1,0,1
484,485,1,1,1,1,1,1,0,0,0,1,1,0,0,1
485,486,0,0,0,1,1,0,1,0,1,0,1,1,0,0
486,487,0,0,0,0,1,0,1,0,1,1,1,1,1,0
487,488,1,1,1,0,0,1,1,0,1,1,0,0,0,0
488,489,1,1,1,0,0,1,0,0,1,1,0,1,1,1
489,490,1,0,0,1,0,1,1,1,1,1,0,1,1,1
490,491,1,1,1,0,0,0,0,0,1,1,1,1,1,1
491,492,0,0,0,1,0,0,1,0,0,1,0,1,0,0
492,493,0,1,1,0,0,1,0,1,1,0,1,1,1,0
493,494,1,0,0,0,0,1,0,0,1,0,1,0,1,1
494,495,1,1,1,0,1,1,1,1,0,0,0,1,0,1
495,496,0,0,0,0,0,0,1,1,0,0,0,1,1,1
496,497,0,0,0,1,0,1,0,0,1,0,0,1,1,0
497,498,0,1,1,0,0,0,1,1,0,0,0,1,0,0
498,499,1,1,1,1,0,1,1,0,0,1,0,0,1,0
499,500,0,1,1,0,1,0,1,1,0,0,1,0,1,0
500,501,0,0,0,1,0,1,1,1,0,0,0,1,0,0
501,502,1,0,0,1,1,1,0,1,0,0,1,0,0,0
502,503,1,1,1,0,0,0,0,1,0,1,1,1,1,1
503,504,1,1,1,0,1,0,0,0,1,1,1,1,0,1
504,505,0,1,1,1,0,0,0,0,0,1,1,0,0,0
505,506,0,1,1,1,0,0,1,0,0,1,0,0,0,1
506,507,0,1,1,1,1,1,0,1,0,0,1,0,0,0
507,508,1,1,1,0,0,1,0,0,1,0,0,0,1,1
508,509,0,0,0,0,0,0,1,1,1,0,1,1,0,0
509,510,1,1,1,0,1,1,1,1,1,0,0,0,0,0
510,511,0,1,1,1,1,0,1,0,0,0,1,1,1,0
511,512,1,0,0,0,1,1,0,1,0,0,1,0,1,0
512,513,0,1,1,0,1,0,0,0,1,0,1,0,1,1
513,514,0,1,1,0,1,1,1,1,1,0,1,0,0,1
514,515,0,1,1,0,1,1,1,1,1,1,0,1,1,1
515,516,1,0,0,1,0,0,0,1,0,0,0,1,0,1
516,517,0,0,0,1,1,0,0,0,1,0,1,1,1,0
517,518,1,0,0,1,0,0,0,0,0,1,1,1,1,1
518,519,0,0,0,0,0,0,0,1,1,1,1,1,1,1
519,520,1,1,1,0,1,1,0,0,1,0,1,0,0,0
520,521,0,1,1,0,1,1,0,1,0,1,1,1,0,1
521,522,0,0,0,1,1,1,0,0,1,0,0,0,0,1
522,523,0,0,0,0,0,1,0,1,1,0,1,1,0,0
523,524,1,1,1,0,0,1,1,1,0,1,1,0,0,0
524,525,0,0,0,1,1,0,1,1,0,0,1,0,0,1
525,526,0,0,0,0,0,0,0,0,1,1,1,1,0,0
526,527,0,0,0,0,0,0,0,0,1,1,1,0,0,0
527,528,0,1,1,1,1,0,1,1,0,1,0,1,0,0
528,529,0,0,0,1,1,1,0,1,1,0,0,0,1,0
529,530,1,0,0,1,1,1,0,1,1,1,1,0,0,1
530,531,0,1,1,0,1,1,1,1,0,1,1,0,1,0
531,532,0,0,0,1,1,1,1,1,1,1,1,0,0,1
532,533,0,1,1,1,0,0,0,1,1,0,1,0,1,0
533,534,1,1,1,0,1,1,1,1,1,0,0,1,1,0
534,535,0,0,0,1,1,0,1,1,0,0,0,0,1,0
535,536,0,0,0,0,0,1,1,1,1,0,0,1,0,1
536,537,0,1,1,0,0,0,0,1,0,0,1,0,1,0
537,538,1,1,1,0,1,1,1,0,1,1,0,1,0,0
538,539,0,1,1,0,0,0,0,1,0,0,1,1,0,1
539,540,0,0,0,0,0,0,1,1,1,0,1,0,1,1
540,541,0,0,0,1,0,0,1,0,0,0,1,1,1,1
541,542,1,0,0,0,1,0,1,0,1,0,0,1,0,0
542,543,1,1,1,1,0,1,0,1,1,1,0,1,0,1
543,544,0,1,1,1,0,1,0,1,0,1,1,1,1,1
544,545,0,0,0,0,1,0,0,1,1,1,0,0,0,1
545,546,0,0,0,1,0,0,1,1,1,1,1,0,1,0
546,547,0,1,1,1,0,0,1,1,0,0,0,0,0,0
547,548,1,1,1,0,1,0,1,1,0,0,0,1,0,1
548,549,1,0,0,0,1,0,1,0,1,1,1,0,0,0
549,550,1,0,0,0,0,0,0,0,1,1,0,0,0,0
550,551,0,0,0,0,0,0,0,1,0,0,0,1,1,0
551,552,0,1,1,0,0,1,0,0,1,1,1,0,0,1
552,553,1,1,1,0,1,0,1,0,0,0,1,0,1,1
553,554,1,0,0,1,1,1,1,1,1,1,1,1,1,0
554,555,0,1,1,1,0,0,1,0,0,0,0,0,0,1
555,556,1,1,1,0,0,0,0,0,1,1,1,0,0,1
556,557,1,0,0,0,0,1,1,0,0,0,1,1,0,0
557,558,1,0,0,0,0,1,0,0,1,0,1,1,0,0
558,559,1,1,1,0,1,1,1,1,0,0,0,1,0,1
559,560,0,0,0,0,1,1,0,0,0,0,1,0,1,0
560,561,0,1,1,0,1,0,0,0,0,1,1,1,0,0
561,562,1,1,1,1,0,1,0,1,0,0,1,0,1,1
562,563,1,1,1,0,1,0,0,0,1,1,1,0,0,0
563,564,1,1,1,1,1,1,1,0,1,1,0,1,0,1
564,565,0,1,1,1,0,0,0,0,1,0,1,0,0,1
565,566,1,0,0,0,0,0,0,0,1,1,1,1,0,1
566,567,1,0,0,0,1,1,1,1,0,1,1,1,1,1
567,568,0,0,0,1,1,1,0,1,0,1,0,0,0,1
568,569,1,0,0,1,1,0,0,0,0,1,0,1,0,1
569,570,0,0,0,0,0,0,0,1,0,0,0,1,0,1
570,571,0,0,0,1,1,0,0,1,1,0,1,1,0,0
571,572,1,1,1,1,0,0,0,1,0,1,0,1,1,1
572,573,0,1,1,0,1,1,1,1,1,0,0,0,0,0
573,574,0,0,0,0,0,1,0,1,1,0,1,1,1,1
574,575,0,0,0,0,1,1,0,0,0,1,1,1,0,1
575,576,0,1,1,1,1,0,0,0,0,0,0,0,0,0
576,577,1,1,1,1,1,1,1,0,1,0,0,1,0,0
577,578,0,0,0,0,0,0,1,1,1,1,0,1,1,1
578,579,0,1,1,1,0,0,0,0,1,0,0,1,0,1
579,580,1,0,0,1,0,0,1,1,1,1,1,1,1,1
580,581,1,1,1,1,0,1,1,0,1,0,1,1,0,0
581,582,1,1,1,1,0,0,1,0,0,0,1,1,0,0
582,583,1,0,0,1,1,0,1,1,1,0,0,0,1,1
583,584,1,1,1,0,0,0,0,0,1,0,0,1,1,1
584,585,1,1,1,0,1,1,0,0,1,0,0,1,0,1
585,586,0,0,0,0,0,0,0,1,0,0,1,0,0,1
586,587,0,1,1,0,1,1,1,0,0,0,1,0,0,0
587,588,1,1,1,0,0,1,0,1,1,1,1,0,1,0
588,589,1,1,1,0,1,1,1,0,0,0,1,1,1,1
589,590,0,1,1,1,1,0,1,0,0,0,1,0,0,1
590,591,0,0,0,0,1,0,0,0,1,1,1,1,1,0
591,592,0,1,1,0,0,1,0,0,1,1,0,1,0,1
592,593,1,1,1,1,1,0,0,0,1,0,0,1,1,1
593,594,0,1,1,1,0,1,0,0,0,0,0,0,1,1
594,595,1,1,1,1,0,1,1,0,1,0,1,0,0,1
595,596,0,1,1,0,1,0,0,1,1,1,0,1,1,1
596,597,1,1,1,0,0,0,1,0,0,0,0,0,0,1
597,598,0,0,0,1,1,1,0,0,1,1,1,1,1,0
598,599,1,0,0,0,1,0,0,0,0,1,0,0,1,1
599,600,0,1,1,1,0,0,1,0,0,0,1,1,0,0
600,601,1,1,1,0,0,1,1,1,1,0,0,1,1,1
601,602,1,0,0,1,1,1,1,0,1,0,1,1,0,0
602,603,0,1,1,1,1,0,0,0,0,1,1,0,0,0
603,604,1,1,1,0,0,1,1,0,0,1,1,1,1,1
604,605,1,1,1,0,1,0,0,0,0,1,1,0,1,1
605,606,0,0,0,0,1,0,0,0,1,1,1,1,0,1
606,607,0,0,0,0,0,1,0,1,0,0,0,1,1,1
607,608,1,0,0,0,0,1,1,0,1,1,1,1,1,0
608,609,1,0,0,0,0,0,0,1,0,0,0,0,0,0
609,610,1,0,0,1,0,0,1,1,0,0,0,1,0,0
610,611,1,0,0,0,1,0,1,0,1,0,1,1,1,1
611,612,1,1,1,1,1,0,1,0,0,1,1,1,0,1
612,613,1,1,1,0,0,1,1,1,0,1,1,1,0,1
613,614,1,1,1,1,1,0,0,0,0,0,0,1,0,1
614,615,0,0,0,1,0,0,0,0,1,1,1,1,1,1
615,616,1,0,0,0,1,0,1,0,0,1,1,0,1,1
616,617,1,0,0,0,1,1,0,1,0,1,1,0,0,1
617,618,0,1,1,1,1,1,0,1,1,0,0,1,0,1
618,619,1,1,1,0,1,0,0,0,1,0,1,0,0,1
619,620,0,1,1,1,0,0,1,1,0,0,1,1,0,0
620,621,0,1,1,0,0,0,0,0,0,0,1,1,1,1
621,622,1,0,0,1,0,1,0,0,1,1,0,0,0,0
622,623,0,0,0,1,0,0,1,1,0,1,0,0,0,0
623,624,1,1,1,0,1,0,0,1,0,1,1,1,0,0
624,625,0,0,0,0,1,1,1,1,0,1,0,0,1,0
625,626,1,1,1,0,1,0,1,1,1,1,1,0,0,1
626,627,0,1,1,0,1,0,1,1,0,1,0,1,0,0
627,628,1,0,0,0,0,0,1,1,1,1,1,1,1,0
628,629,1,0,0,1,1,0,0,1,0,1,0,0,0,1
629,630,1,0,0,1,0,0,0,0,1,0,1,0,1,0
630,631,1,1,1,1,1,0,0,0,1,0,0,1,1,0
631,632,0,0,0,0,1,0,1,1,1,1,0,1,0,0
632,633,1,0,0,1,0,0,0,0,1,1,1,0,0,1
633,634,0,1,1,0,0,0,1,0,1,0,1,0,0,0
634,635,1,1,1,0,1,0,0,0,0,1,1,0,1,1
635,636,1,1,1,0,0,0,0,1,0,0,1,1,1,0
636,637,0,0,0,1,0,1,0,1,1,1,0,1,1,0
637,638,1,1,1,0,1,1,1,0,0,1,0,1,1,0
638,639,0,0,0,1,0,0,1,0,0,1,0,1,1,1
639,640,0,0,0,1,0,1,1,0,0,1,1,1,0,0
640,641,1,1,1,0,0,0,1,0,0,1,0,0,0,1
641,642,1,1,1,0,0,0,1,0,0,1,1,0,0,1
642,643,1,1,1,1,0,0,0,1,1,0,1,1,0,1
643,644,0,1,1,1,0,0,0,1,1,1,0,1,1,1
644,645,1,1,1,0,1,0,0,0,0,1,1,0,0,0
645,646,0,1,1,1,1,0,1,1,1,1,0,0,1,0
646,647,0,0,0,0,1,1,1,1,0,1,1,1,1,0
647,648,0,0,0,0,1,0,1,1,0,1,0,1,0,0
648,649,0,0,0,0,1,0,0,0,0,0,1,1,0,0
649,650,0,1,1,1,1,0,1,0,1,0,1,1,1,0
650,651,1,1,1,0,1,0,0,1,0,0,1,1,0,1
651,652,0,1,1,0,0,0,0,1,1,0,1,1,0,1
652,653,0,0,0,0,1,1,1,0,0,0,1,0,0,1
653,654,0,1,1,1,0,0,0,1,1,1,0,0,0,1
654,655,0,0,0,0,0,1,0,1,1,0,1,0,0,0
655,656,0,1,1,1,0,0,0,1,0,1,1,1,0,0
656,657,0,0,0,1,1,0,0,0,1,1,1,0,0,1
657,658,1,0,0,0,1,0,1,0,1,1,0,0,0,1
658,659,1,0,0,0,1,0,0,0,1,0,1,1,1,0
659,660,1,1,1,1,0,1,0,1,0,0,0,0,0,1
660,661,1,1,1,1,0,1,1,0,0,0,0,0,1,0
661,662,1,1,1,1,1,1,0,1,1,1,0,1,1,1
662,663,0,0,0,1,0,1,1,1,1,1,0,0,1,0
663,664,1,0,0,0,0,0,0,0,1,0,0,0,0,0
664,665,0,0,0,1,0,0,0,1,1,0,0,1,0,0
665,666,1,1,1,1,1,1,0,0,1,0,1,0,0,1
666,667,1,0,0,1,0,0,0,0,0,0,0,1,0,1
667,668,0,1,1,0,0,1,1,0,1,0,1,0,1,0
668,669,1,0,0,1,0,1,0,1,0,1,1,0,1,0
669,670,0,0,0,0,0,0,0,1,0,0,1,0,0,0
670,671,0,1,1,0,0,0,0,0,1,1,1,1,1,1
671,672,0,0,0,0,1,1,0,1,0,1,1,0,1,1
672,673,1,0,0,1,0,1,1,1,0,1,0,1,0,0
673,674,1,0,0,0,1,0,1,0,0,0,0,0,1,1
674,675,1,0,0,1,1,0,1,1,0,1,0,1,0,0
675,676,0,0,0,0,1,1,1,1,0,1,1,1,0,0
676,677,0,0,0,1,0,1,1,0,1,0,0,0,1,1
677,678,1,1,1,0,0,0,1,0,1,1,0,1,0,1
678,679,0,1,1,0,1,1,0,0,0,0,1,0,0,1
679,680,0,1,1,0,1,0,1,0,1,0,1,0,1,1
680,681,0,0,0,0,1,0,0,0,1,0,0,0,0,0
681,682,1,1,1,1,1,1,1,1,1,0,0,0,1,1
682,683,1,1,1,1,0,1,0,0,0,0,1,0,1,0
683,684,1,1,1,1,0,1,0,0,0,0,1,0,0,0
684,685,0,1,1,0,0,1,0,0,1,1,0,0,1,0
685,686,0,1,1,0,0,0,0,0,1,1,1,1,1,0
686,687,1,1,1,1,1,0,0,0,1,1,1,1,1,1
687,688,1,1,1,0,0,0,0,1,1,1,0,0,0,0
688,689,0,1,1,1,1,1,1,0,1,1,0,0,0,0
689,690,1,1,1,1,0,1,0,0,0,0,1,0,1,1
690,691,1,0,0,0,0,0,0,1,0,0,0,1,0,0
691,692,1,0,0,0,1,0,1,1,0,0,0,1,0,1
692,693,1,0,0,1,1,0,0,1,0,1,1,1,1,0
693,694,1,1,1,1,1,1,1,0,1,0,0,0,0,1
694,695,1,1,1,0,0,0,0,0,1,1,0,1,1,1
695,696,1,0,0,0,1,0,0,0,0,0,1,0,0,1
696,697,1,1,1,1,1,1,0,1,0,0,0,0,0,1
697,698,1,0,0,0,0,0,0,0,1,0,0,0,0,1
698,699,1,1,1,0,1,1,1,0,0,0,1,1,0,0
699,700,0,0,0,0,0,1,0,1,0,0,0,0,1,0
700,701,1,1,1,0,0,0,0,0,1,0,1,0,0,1
701,702,0,0,0,0,0,1,0,1,1,0,1,1,0,1
702,703,1,1,1,0,1,1,0,1,1,1,1,1,1,1
703,704,0,0,0,0,1,1,0,1,1,1,1,1,1,1
704,705,1,0,0,1,0,1,0,0,1,0,0,1,0,1
705,706,0,0,0,1,0,1,1,1,1,1,1,1,1,0
706,707,0,0,0,1,0,0,0,1,0,0,1,1,0,1
707,708,0,0,0,1,1,0,0,0,1,0,0,0,1,0
708,709,0,0,0,0,0,1,1,1,0,0,0,1,0,1
709,710,1,0,0,0,1,1,0,1,1,0,1,1,0,0
710,711,1,0,0,0,1,1,1,1,1,0,0,1,0,1
711,712,1,0,0,0,0,1,1,0,0,0,0,1,0,0
712,713,0,0,0,1,1,0,1,1,0,1,1,0,1,0
713,714,1,1,1,1,0,1,1,1,0,0,1,1,1,0
714,715,1,1,1,1,0,1,0,1,0,0,0,1,0,1
715,716,0,1,1,1,0,1,0,1,1,1,0,1,0,1
716,717,0,1,1,1,1,0,0,0,0,0,0,1,0,1
717,718,0,0,0,1,1,1,0,0,0,0,1,0,0,1
718,719,1,1,1,1,0,1,0,1,0,0,1,0,1,1
719,720,1,0,0,1,1,0,1,1,0,0,0,0,1,0
720,721,1,1,1,1,1,0,0,0,1,1,1,0,1,0
721,722,1,1,1,0,1,0,0,1,1,1,1,0,0,1
722,723,1,1,1,0,0,1,0,1,0,1,0,0,1,0
723,724,1,1,1,1,1,0,1,1,0,1,1,1,0,1
724,725,1,0,0,0,0,0,1,1,1,1,1,1,0,1
725,726,0,1,1,1,1,1,1,1,1,0,0,0,0,1
726,727,0,0,0,1,1,1,0,1,0,1,0,0,1,0
727,728,1,1,1,1,1,0,1,1,1,1,0,0,1,1
728,729,1,0,0,0,1,1,0,0,0,0,0,0,0,1
729,730,1,0,0,0,1,1,1,1,0,0,1,1,1,1
730,731,0,0,0,0,0,0,0,1,0,0,0,1,1,1
731,732,1,0,0,1,0,0,0,1,0,0,1,0,1,1
732,733,1,0,0,0,1,1,0,0,0,1,0,1,1,1
733,734,1,1,1,1,1,1,1,1,0,0,0,1,0,0
734,735,0,0,0,1,0,1,0,1,1,1,0,1,1,0
735,736,0,0,0,1,0,0,1,0,1,1,0,1,1,1
736,737,1,0,0,0,0,1,1,1,0,0,1,0,0,1
737,738,0,1,1,1,0,1,0,1,0,1,0,1,1,1
738,739,0,0,0,1,1,1,1,1,1,1,1,0,0,0
739,740,1,0,0,1,0,0,1,0,1,0,0,0,0,1
740,741,1,0,0,0,0,1,0,1,1,0,0,1,0,1
741,742,1,0,0,1,0,1,1,0,1,1,0,1,0,0
742,743,0,1,1,0,1,1,1,0,1,1,0,1,0,1
743,744,1,1,1,1,0,1,0,1,0,1,0,0,1,1
744,745,1,0,0,1,0,0,0,1,1,0,1,0,1,1
745,746,1,1,1,1,0,1,1,1,0,0,1,1,1,1
746,747,0,1,1,1,0,1,0,1,1,1,1,0,1,1
747,748,0,1,1,0,1,1,1,0,0,1,1,0,1,1
748,749,0,1,1,1,0,0,0,1,0,0,1,1,1,0
749,750,1,1,1,0,1,1,0,1,0,0,0,0,0,1
750,751,0,1,1,1,1,0,0,0,1,0,0,0,0,0
751,752,1,0,0,0,1,1,0,1,1,0,1,1,1,0
752,753,1,1,1,0,1,0,0,1,0,1,0,0,0,1
753,754,0,1,1,0,1,1,1,1,0,0,0,1,1,1
754,755,0,1,1,0,0,0,0,1,0,1,1,1,1,0
755,756,1,0,0,1,0,1,0,1,0,1,0,0,1,1
756,757,1,0,0,1,1,1,1,1,1,0,0,0,0,1
757,758,1,0,0,0,0,0,0,0,0,1,0,0,1,0
758,759,1,0,0,1,0,1,1,1,0,1,0,0,0,1
759,760,1,0,0,1,0,1,1,0,0,1,0,0,0,0
760,761,0,0,0,0,0,0,1,0,0,0,0,1,1,1
761,762,1,0,0,1,1,1,0,0,1,1,0,1,1,0
762,763,0,0,0,0,0,0,0,1,0,1,0,1,0,1
763,764,0,1,1,1,0,1,1,0,0,0,1,1,0,1
764,765,0,0,0,1,0,1,1,0,1,1,1,1,1,1
765,766,0,1,1,0,0,0,0,0,0,0,0,1,0,0
766,767,0,0,0,0,0,0,1,0,1,1,1,1,0,1
767,768,0,0,0,1,1,1,1,1,0,0,0,0,1,0
768,769,1,0,0,0,0,1,0,0,0,1,0,1,0,0
769,770,0,1,1,0,0,0,1,1,0,1,0,0,0,1
770,771,0,1,1,0,0,0,0,0,1,0,0,1,0,0
771,772,0,0,0,0,1,1,1,1,0,0,1,0,1,0
772,773,0,1,1,0,1,0,0,1,0,0,1,1,1,0
773,774,1,0,0,1,0,0,1,0,1,1,0,1,0,1
774,775,1,1,1,0,0,0,0,1,1,1,1,1,1,0
775,776,1,1,1,1,0,0,0,0,0,1,0,0,0,1
776,777,1,1,1,1,0,1,1,1,0,1,1,1,1,0
777,778,0,1,1,1,0,1,0,0,1,1,1,1,0,0
778,779,0,1,1,0,1,1,1,0,1,1,1,0,0,1
779,780,1,1,1,0,1,1,0,0,0,0,0,0,0,1
780,781,0,1,1,0,1,1,0,1,0,1,1,0,1,0
781,782,0,1,1,0,1,0,1,1,0,1,1,0,0,1
782,783,0,1,1,0,0,1,1,1,0,1,1,1,1,1
783,784,0,1,1,1,1,1,1,1,0,0,1,0,0,1
784,785,1,1,1,0,1,0,1,0,1,1,1,0,1,0
785,786,0,0,0,0,1,1,0,0,1,1,1,1,1,0
786,787,0,0,0,0,1,0,1,0,0,0,1,1,1,1
787,788,1,0,0,0,1,1,0,0,0,0,1,0,0,0
788,789,0,0,0,1,0,0,1,1,1,0,0,1,1,1
789,790,0,0,0,0,0,1,1,0,0,0,1,0,1,1
790,791,1,0,0,1,1,1,1,1,0,1,0,1,1,1
791,792,1,0,0,1,1,1,1,1,0,1,1,1,0,1
792,793,0,1,1,1,0,0,1,0,1,1,1,1,0,0
793,794,1,1,1,0,0,1,1,1,0,1,1,1,0,0
794,795,0,0,0,0,1,0,0,1,1,1,1,0,0,0
795,796,0,1,1,0,1,1,1,1,1,1,0,1,0,0
796,797,1,1,1,0,1,0,1,0,0,0,1,0,0,0
797,798,0,0,0,1,1,1,1,0,0,0,0,1,1,0
798,799,0,1,1,0,1,1,1,1,0,0,1,0,0,1
799,800,0,0,0,0,0,0,0,1,0,1,1,0,1,1
800,801,1,0,0,0,1,0,0,0,0,1,1,0,0,0
801,802,0,1,1,0,0,1,1,0,1,0,0,1,0,0
802,803,1,1,1,0,0,1,1,1,1,0,1,0,1,0
803,804,1,1,1,0,0,1,1,0,1,0,1,0,0,0
804,805,1,0,0,1,1,1,0,0,1,1,0,0,1,0
805,806,1,1,1,1,0,0,1,1,0,0,0,1,0,1
806,807,1,0,0,0,1,0,1,1,0,0,0,0,0,0
807,808,0,1,1,1,0,1,0,1,0,1,0,1,1,0
808,809,0,1,1,1,0,1,1,1,1,1,1,0,0,0
809,810,0,1,1,0,1,1,0,1,1,0,0,1,0,0
810,811,1,0,0,1,0,0,0,1,1,0,0,1,1,0
811,812,0,1,1,1,0,0,0,0,1,1,1,0,1,1
812,813,1,1,1,1,1,1,1,0,1,0,0,0,0,1
813,814,1,1,1,0,1,1,1,1,1,0,0,0,1,1
814,815,1,0,0,1,1,1,1,1,1,1,1,0,1,1
815,816,0,0,0,0,1,1,1,1,0,0,1,1,0,1
816,817,0,0,0,1,1,0,1,1,1,0,0,0,0,1
817,818,1,0,0,0,0,0,1,0,0,0,1,1,0,0
818,819,1,0,0,1,1,0,1,1,1,0,0,0,1,0
819,820,1,0,0,1,0,0,1,1,0,0,1,1,1,1
820,821,0,1,1,0,1,1,0,0,0,1,0,1,1,1
821,822,1,0,0,0,1,1,0,1,0,0,0,1,1,1
822,823,0,1,1,1,1,1,1,1,1,0,0,0,0,0
823,824,0,0,0,1,1,1,1,1,0,1,1,0,0,1
824,825,1,1,1,0,1,1,1,0,0,1,1,0,1,1
825,826,0,0,0,1,1,1,0,1,0,1,1,1,0,0
826,827,0,0,0,1,0,0,0,1,0,1,1,0,0,0
827,828,1,0,0,0,0,1,0,0,0,1,1,0,1,1
828,829,1,1,1,0,0,1,0,1,0,1,0,1,0,0
829,830,0,0,0,0,1,0,0,0,1,0,1,1,1,0
830,831,0,0,0,0,1,1,0,1,0,0,1,1,1,1
831,832,0,0,0,1,1,0,1,0,0,0,1,1,0,1
832,833,1,1,1,0,1,1,0,1,0,0,0,1,0,1
833,834,1,1,1,0,1,0,1,0,1,1,0,1,0,1
834,835,0,1,1,0,0,0,0,0,1,0,1,1,1,1
835,836,1,1,1,0,0,1,0,1,1,0,0,0,0,0
836,837,1,0,0,0,0,0,0,1,1,0,0,1,0,1
837,838,0,0,0,1,0,1,1,0,1,0,1,1,0,1
838,839,1,1,1,1,1,1,0,1,1,1,1,1,1,1
839,840,0,0,0,0,1,1,1,0,0,1,1,1,1,0
840,841,1,0,0,1,1,1,1,0,0,1,0,1,1,0
841,842,0,0,0,0,0,0,0,1,0,0,0,1,0,0
842,843,1,1,1,1,0,0,1,0,1,0,1,0,1,1
843,844,0,1,1,1,1,0,0,0,1,1,0,1,1,1
844,845,0,1,1,0,1,0,1,1,0,0,1,1,0,1
845,846,1,1,1,1,1,0,0,1,0,0,0,1,1,0
846,847,0,0,0,0,1,0,0,0,1,1,1,1,1,0
847,848,1,0,0,1,0,1,1,1,0,0,0,0,1,0
848,849,1,0,0,0,0,0,0,1,1,1,0,0,0,0
849,850,0,0,0,0,1,1,1,1,1,1,1,0,1,0
850,851,0,0,0,1,1,0,0,0,1,1,1,0,1,0
851,852,0,1,1,1,0,0,0,0,1,1,1,0,0,1
852,853,0,1,1,1,1,0,1,1,0,1,0,0,0,0
853,854,0,0,0,0,0,1,1,0,1,1,1,1,1,0
854,855,1,1,1,1,1,0,1,0,0,1,1,1,0,1
855,856,0,0,0,1,1,0,1,1,1,0,1,0,0,1
856,857,0,0,0,0,1,0,1,1,0,1,1,0,1,1
857,858,0,0,0,1,1,1,0,0,0,0,1,1,0,0
858,859,0,1,1,0,0,1,1,0,0,0,1,1,0,1
859,860,0,0,0,1,0,1,1,1,0,1,0,1,1,0
860,861,0,1,1,1,1,1,0,1,0,0,0,1,0,1
861,862,1,0,0,0,0,1,0,0,1,0,0,1,1,0
862,863,1,1,1,0,1,1,1,0,0,0,0,0,1,1
863,864,0,1,1,0,0,1,1,1,1,0,0,1,1,1
864,865,0,1,1,1,0,0,1,1,0,0,1,0,1,1
865,866,0,0,0,0,1,1,0,0,0,1,1,1,0,0
866,867,1,1,1,0,1,1,0,1,0,1,0,0,1,0
867,868,1,0,0,1,1,0,1,1,1,0,0,0,1,1
868,869,1,1,1,1,0,0,1,0,0,1,0,0,1,1
869,870,0,0,0,0,0,1,1,0,1,1,0,0,1,1
870,871,0,1,1,0,1,0,0,0,1,0,0,1,0,1
871,872,1,1,1,0,0,1,1,0,0,0,1,0,1,0
872,873,1,0,0,1,0,1,0,0,1,0,0,0,0,0
873,874,1,1,1,1,0,1,1,1,1,1,1,1,0,0
874,875,1,0,0,0,0,0,1,1,1,1,0,0,0,0
875,876,0,0,0,0,1,0,0,1,1,0,1,1,1,0
876,877,1,1,1,1,1,0,0,0,0,1,1,1,1,0
877,878,0,0,0,0,0,0,0,1,0,0,1,1,1,0
878,879,0,1,1,0,0,1,0,0,0,0,0,1,1,0
879,880,1,1,1,1,0,1,1,1,0,1,1,1,1,1
880,881,1,1,1,0,1,0,0,1,1,0,0,0,1,0
881,882,0,1,1,1,1,1,1,0,0,1,1,1,0,0
882,883,0,1,1,0,1,0,0,0,0,0,1,1,0,0
883,884,0,1,1,1,0,1,0,0,0,0,0,1,0,1
884,885,1,0,0,1,0,1,1,0,1,0,0,1,0,1
885,886,1,1,1,0,1,0,1,0,1,1,0,0,0,1
886,887,1,1,1,0,0,1,0,0,1,1,0,1,0,0
887,888,1,1,1,1,1,1,0,0,0,1,1,1,0,0
888,889,0,0,0,0,1,1,1,1,1,1,0,1,0,0
889,890,0,0,0,1,0,1,1,0,0,1,1,0,0,0
890,891,1,1,1,1,1,1,1,1,1,1,1,0,0,1
891,892,0,0,0,0,0,1,0,0,0,1,0,0,1,1
892,893,0,0,0,0,1,0,1,0,1,0,1,0,0,0
893,894,1,1,1,0,0,0,1,0,1,0,0,1,1,0
894,895,1,1,1,0,0,0,1,1,1,1,1,1,0,0
895,896,0,1,1,0,1,0,1,1,0,0,0,0,1,1
896,897,1,1,1,1,0,1,1,0,0,0,1,0,0,1
897,898,0,0,0,1,1,0,1,0,0,1,0,0,1,0
898,899,1,1,1,0,1,0,1,1,1,1,1,1,0,1
899,900,0,1,1,1,1,1,1,1,1,1,0,0,1,0
900,901,0,0,0,1,1,0,1,1,1,1,0,1,1,1
901,902,1,0,0,1,1,1,0,1,1,1,0,0,0,1
902,903,1,1,1,0,0,0,1,0,0,0,0,0,0,1
903,904,1,1,1,1,0,0,0,1,0,1,1,1,0,0
904,905,1,0,0,1,0,0,1,1,0,0,1,1,1,1
905,906,0,0,0,1,1,1,1,0,0,1,0,1,1,1
906,907,1,1,1,1,0,0,0,1,1,0,0,0,0,1
907,908,1,0,0,1,1,0,0,1,1,0,0,1,1,1
908,909,1,1,1,1,0,1,0,0,1,1,0,0,0,0
909,910,0,1,1,0,0,1,0,0,0,1,0,0,1,0
910,911,0,0,0,1,0,1,1,1,1,1,1,1,1,1
911,912,1,0,0,0,0,0,0,1,1,0,0,1,0,1
912,913,1,1,1,0,0,0,0,1,1,1,0,1,1,0
913,914,1,0,0,0,1,0,1,0,0,1,1,0,0,0
914,915,0,1,1,1,1,1,0,1,0,1,0,1,0,1
915,916,1,0,0,1,1,0,1,1,0,1,0,0,0,1
916,917,0,0,0,0,0,1,1,1,0,0,0,1,0,0
917,918,0,0,0,1,0,1,1,1,0,1,1,1,0,0
918,919,1,1,1,1,1,1,0,1,0,1,0,1,1,1
919,920,0,1,1,1,1,1,1,0,0,1,1,1,1,1
920,921,1,1,1,1,1,0,1,0,0,0,0,0,1,0
921,922,1,0,0,1,1,1,1,0,1,1,0,1,1,0
922,923,1,0,0,1,1,1,0,0,1,1,0,0,1,0
923,924,1,1,1,0,0,1,1,0,1,1,1,1,0,1
924,925,0,0,0,1,1,0,0,0,0,0,1,1,1,0
925,926,1,0,0,1,1,0,0,0,0,0,1,0,1,0
926,927,1,0,0,1,0,0,1,0,0,1,0,0,0,0
927,928,1,1,1,0,1,1,1,1,0,1,0,0,1,1
928,929,0,0,0,0,1,0,0,1,1,0,0,1,0,1
929,930,1,0,0,0,1,0,0,0,1,1,1,0,1,0
930,931,0,0,0,1,0,1,1,0,0,0,1,1,1,1
931,932,0,0,0,0,1,0,1,0,1,1,1,1,0,0
932,933,0,0,0,1,1,0,0,0,0,0,1,1,0,1
933,934,1,1,1,1,0,1,1,0,0,0,1,0,1,1
934,935,1,0,0,1,1,0,0,0,1,1,0,1,0,1
935,936,0,1,1,1,1,0,0,1,0,0,1,0,1,0
936,937,0,0,0,0,1,0,1,1,0,1,0,0,1,0
937,938,0,1,1,1,0,0,1,0,1,0,1,0,0,0
938,939,1,0,0,0,1,1,0,0,1,0,0,1,0,0
939,940,1,0,0,1,0,0,0,0,0,0,1,0,0,1
940,941,0,0,0,1,0,0,1,0,1,0,0,0,0,0
941,942,1,1,1,0,1,1,0,1,1,0,1,1,0,1
942,943,1,0,0,0,0,0,1,1,1,0,1,0,1,1
943,944,1,0,0,0,0,0,1,1,1,1,0,1,0,1
944,945,0,0,0,1,0,1,0,1,1,0,1,1,1,1
945,946,0,1,1,0,0,0,0,0,0,0,0,1,0,0
946,947,1,0,0,0,1,0,0,0,0,1,0,1,1,1
947,948,0,1,1,1,0,0,1,0,1,0,0,1,1,0
948,949,1,0,0,0,0,0,0,1,0,0,1,1,1,1
949,950,0,1,1,1,1,0,0,1,1,0,0,0,0,0
950,951,0,1,1,1,1,0,1,1,1,0,1,0,0,1
951,952,0,1,1,0,1,1,0,1,1,0,0,1,0,0
952,953,0,0,0,1,1,1,1,1,1,0,1,1,0,1
953,954,1,1,1,1,1,0,1,0,0,1,1,1,0,1
954,955,1,0,0,0,1,1,1,0,0,1,1,1,1,1
955,956,0,1,1,1,0,1,1,0,1,0,0,1,0,0
956,957,1,1,1,1,1,1,1,0,1,0,0,1,1,1
957,958,0,1,1,0,1,1,0,0,0,1,0,0,0,1
958,959,0,1,1,1,1,1,0,0,0,1,0,0,0,1
959,960,0,1,1,1,0,1,1,0,1,1,1,1,0,0
960,961,0,0,0,0,1,0,1,1,1,0,1,1,1,1
961,962,1,1,1,0,1,0,0,1,0,1,1,0,1,1
962,963,0,1,1,0,0,1,0,1,0,1,0,0,0,0
963,964,1,1,1,1,1,0,0,0,1,0,0,1,0,0
964,965,0,0,0,0,1,0,0,1,0,0,1,0,0,0
965,966,1,1,1,1,0,0,1,0,0,0,1,1,0,1
966,967,0,0,0,1,1,0,0,1,0,1,1,1,0,1
967,968,1,0,0,1,1,0,0,0,0,1,0,0,0,0
968,969,0,0,0,1,0,1,0,0,1,0,1,1,0,0
969,970,1,0,0,0,0,0,0,1,1,1,0,0,1,1
970,971,0,1,1,1,1,0,0,1,0,0,0,1,1,0
971,972,1,1,1,1,1,0,0,0,0,1,0,1,0,1
972,973,0,0,0,1,0,0,0,0,0,1,0,1,0,1
973,974,0,0,0,0,0,0,0,0,1,0,0,0,1,1
974,975,0,1,1,1,1,0,1,0,1,0,1,1,0,1
975,976,1,0,0,1,0,0,0,1,0,1,0,1,0,1
976,977,0,0,0,0,0,1,1,0,0,1,0,1,0,0
977,978,0,1,1,0,0,1,0,1,1,0,1,1,0,1
978,979,1,1,1,0,1,0,1,0,1,1,1,1,0,0
979,980,0,0,0,1,1,1,0,1,1,0,0,0,0,1
980,981,0,0,0,0,1,1,0,0,0,1,1,0,0,1
981,982,0,0,0,1,1,0,1,0,1,0,1,1,1,0
982,983,1,0,0,0,1,0,0,0,0,1,1,0,0,1
983,984,1,0,0,0,0,0,0,1,0,0,1,0,0,0
984,985,1,1,1,1,0,1,0,0,1,1,0,0,0,0
985,986,1,0,0,1,1,0,0,1,0,1,0,0,1,1
986,987,1,0,0,1,1,1,0,1,0,0,0,1,1,1
987,988,1,0,0,1,0,0,1,1,1,0,0,1,1,1
988,989,0,1,1,0,1,1,1,0,0,1,1,1,1,1
989,990,0,1,1,0,1,0,1,0,1,0,1,1,1,0
990,991,0,1,1,0,1,0,1,0,0,0,0,1,0,0
991,992,1,0,0,0,1,0,1,1,1,1,1,0,0,1
992,993,1,1,1,0,0,0,1,0,1,1,0,0,1,1
993,994,1,0,0,1,1,0,1,0,0,1,0,0,1,1
994,995,1,0,0,1,0,1,0,1,1,1,1,0,1,0
995,996,1,0,0,1,1,0,0,1,1,0,1,1,0,1
996,997,1,1,1,0,1,0,0,1,1,1,1,1,1,0
997,998,1,1,1,0,0,1,0,0,1,0,1,1,0,1
998,999,1,0,0,1,1,0,0,0,0,1,1,0,0,1
